0000000000000000000000000000000000000000
0000000000000000000000000000010000000000
0000000000100000000000000000000000000000
0000000000000000000000000000000000000000
0000000100000000000000001000000000010000
0000000000002000000000000002000000000000
0000000000000000100000000000000000000000
0000000100000000000000020000001000000000
0000000020000000000000000000000000000000
0000000000000000000000000000001000000000
0000000000000010020000001000000000000000
0000000100000000000000000001000000000000
0000000000000000000000000000000000000000
0000000000000010000000001020000001000000
0000000000000000000000000000000000000000
0000000000200001000000000002000000000000
0000000000000000000000010000000000000000
0000000000200000000000000000000100000000
0000010000000000002000000000000000000000
0000000000010002000000100000000000000000
0000000000000000000000000000000000000000
0000000000000000000000000010000000000000
0000000120000000000000000000000000000000
0000000000000000010000000000000000000000
0000000000000000000000000000000000000000
0000000000000000000000000000000000000000